# dend_id, d_thick, d_len, spine_th, spine_len
7533818 0.942814 358.060279 0.000000 0.000000
16236581 0.921126 45.023122 0.000000 0.000000
10226992 0.904491 869.489944 0.000000 0.000000
14919332 0.774855 422.648882 0.000000 0.000000
14171888 0.747667 632.731875 0.000000 0.000000
10680878 0.686246 406.816282 0.000000 0.000000
918525 0.626969 876.379815 0.000000 0.000000
9566496 0.574005 756.149741 0.000000 0.000000
201711 0.517948 304.945012 0.000000 0.000000
16093996 0.497525 189.585504 0.000000 0.000000
12924041 0.474684 727.952367 0.000000 0.000000
2927761 0.470448 736.015404 0.000000 0.000000
10309033 0.453100 449.540560 0.000000 0.000000
2665147 0.443223 610.756140 0.000000 0.000000
13955316 0.442300 451.330787 0.000000 0.000000
945388 0.438908 771.291174 0.275182 9.756630
15027602 0.429877 81.745671 0.000000 0.000000
15221648 0.425417 765.377774 0.000000 0.000000
11892141 0.412614 878.699835 0.000000 0.000000
16660328 0.410739 518.207395 0.000000 0.000000
12594540 0.410224 777.836094 0.027524 55.987841
8719786 0.403454 212.317111 0.000000 0.000000
5302225 0.403333 361.918027 0.000000 0.000000
13087665 0.402022 601.628220 0.000000 0.000000
10892531 0.397943 802.934106 0.000000 0.000000
10203601 0.396298 1136.840516 0.071730 31.609637
3420295 0.390921 707.970894 3.313708 2.414214
10547806 0.386966 570.728214 0.027467 56.736432
16589310 0.386018 770.415757 0.000000 0.000000
11660241 0.385295 757.430138 0.000000 0.000000
7425399 0.380493 291.198638 0.000000 0.000000
5613478 0.375411 484.812694 0.000000 0.000000
5416954 0.370895 693.443466 0.000000 0.000000
737908 0.370131 761.870126 0.162655 19.777810
12105621 0.369495 873.838537 0.055980 25.388176
3976194 0.367498 705.317456 0.000000 0.000000
6956023 0.362825 695.707339 0.000000 0.000000
7194007 0.354258 643.765999 0.000000 0.000000
7422373 0.353815 802.056603 0.000000 0.000000
9506793 0.352911 493.474388 0.000000 0.000000
9622020 0.352255 621.917083 0.071870 19.984659
9387188 0.349940 738.481473 0.000000 0.000000
10444044 0.349636 724.232000 0.000000 0.000000
5485196 0.347619 140.223659 0.000000 0.000000
11458698 0.342038 622.434511 0.000000 0.000000
4312550 0.337667 580.148730 0.000000 0.000000
12200860 0.333546 840.268278 0.000000 0.000000
3166283 0.330564 540.382126 0.000000 0.000000
15596983 0.326724 595.171585 0.000000 0.000000
11987098 0.323818 800.025163 0.000000 0.000000
3472997 0.323221 555.397463 0.000000 0.000000
1091478 0.319284 451.364379 0.000000 0.000000
15380143 0.318270 269.731808 0.000000 0.000000
9186622 0.316440 275.392578 0.000000 0.000000
5110803 0.316293 127.335376 0.000000 0.000000
4847601 0.312398 224.633050 0.000000 0.000000
15790096 0.310443 247.249700 0.000000 0.000000
6287054 0.307231 102.524947 0.000000 0.000000
10926410 0.303405 128.651752 0.000000 0.000000
9682973 0.300739 724.662294 0.000000 0.000000
15321949 0.300064 776.837272 0.000000 0.000000
15726412 0.296654 137.583852 0.000000 0.000000
4959262 0.296089 500.346883 0.000000 0.000000
8578105 0.291268 262.251668 0.000000 0.000000
14033160 0.290420 240.905350 0.000000 0.000000
6238827 0.288578 693.640134 0.000000 0.000000
5370712 0.286379 684.977681 0.000000 0.000000
13890781 0.285840 435.107385 0.000000 0.000000
3567908 0.285430 352.239766 0.000000 0.000000
577840 0.284561 603.082572 0.000000 0.000000
6353215 0.280684 145.123150 0.000000 0.000000
8180166 0.279846 701.735545 0.000000 0.000000
5637823 0.279748 702.429392 0.000000 0.000000
6859309 0.278128 167.707989 0.732233 3.414214
13659823 0.277947 275.928463 0.000000 0.000000
1499496 0.277208 1101.526022 0.000000 0.000000
9785594 0.276580 106.745457 0.107094 16.624973
13544271 0.275525 479.730361 0.000000 0.000000
974099 0.274467 830.891271 0.000000 0.000000
4553469 0.273106 135.619870 0.000000 0.000000
9076281 0.271630 690.761325 0.000000 0.000000
3214132 0.271045 536.627173 0.000000 0.000000
16068398 0.268363 650.784440 0.000000 0.000000
14135111 0.266835 430.861321 0.000000 0.000000
13759519 0.266663 125.730348 0.000000 0.000000
11970639 0.266617 97.186654 0.000000 0.000000
6659767 0.262130 860.485837 0.000000 0.000000
6185509 0.261798 606.994810 0.000000 0.000000
2181236 0.261452 296.948198 0.043902 25.559749
5681522 0.259436 918.985940 0.000000 0.000000
16275607 0.258719 499.766432 0.000000 0.000000
9368866 0.257273 219.324932 0.000000 0.000000
3550364 0.257010 892.484078 0.000000 0.000000
3790653 0.255917 624.474838 2.250000 2.000000
6821260 0.254945 498.146583 0.053826 26.463373
1485565 0.251649 225.697531 0.000000 0.000000
5684006 0.249095 258.306898 0.000000 0.000000
13690696 0.248846 278.301525 0.000000 0.000000
16746192 0.248769 445.508933 0.136307 8.878315
14789964 0.248347 581.640046 0.000000 0.000000
8561835 0.248147 520.261242 0.000000 0.000000
5102842 0.248004 932.321575 0.000000 0.000000
12096967 0.247608 404.384573 0.000000 0.000000
5860088 0.245954 236.671726 0.000000 0.000000
4543536 0.243916 273.445866 0.000000 0.000000
12351687 0.243821 141.659048 0.000000 0.000000
7312815 0.242742 710.186965 0.000000 0.000000
6400085 0.241050 573.325458 0.000000 0.000000
14360375 0.240139 590.811933 0.000000 0.000000
5572127 0.238531 435.250440 0.000000 0.000000
1493866 0.236439 595.577092 0.000000 0.000000
14973702 0.234834 94.329302 0.000000 0.000000
11836459 0.234827 166.606453 0.000000 0.000000
7028806 0.232436 189.388694 0.027132 39.011433
49390 0.232143 349.392091 0.000000 0.000000
710098 0.229901 398.699707 0.053694 21.609637
3088751 0.229555 378.469964 0.000000 0.000000
13500787 0.229198 71.711123 0.131254 30.827698
1434163 0.225777 282.040654 0.076778 13.024580
11469700 0.223842 217.808751 0.000000 0.000000
12707885 0.219843 564.097411 0.000000 0.000000
5893097 0.215364 221.466561 0.109218 11.528597
15909228 0.210052 933.688610 0.000000 0.000000
13678005 0.209450 357.314958 0.000000 0.000000
4955959 0.205808 323.926053 0.000000 0.000000
293120 0.205620 573.210550 0.495050 5.242641
3310987 0.205391 340.002969 0.065796 24.848878
8319841 0.205244 279.574337 0.000000 0.000000
13843133 0.198959 119.634469 0.320377 6.242641
2671428 0.197859 436.883994 0.031937 35.934042
5180226 0.197270 563.002227 0.000000 0.000000
894083 0.196648 608.280480 0.000000 0.000000
10535754 0.196315 560.978126 0.000000 0.000000
2237327 0.194239 211.791700 0.000000 0.000000
2757014 0.191154 501.017388 0.000000 0.000000
2430911 0.190923 279.564421 0.000000 0.000000
11675632 0.190589 227.402061 0.000000 0.000000
11215897 0.189973 430.335897 0.000000 0.000000
12782310 0.189924 575.874741 0.000000 0.000000
5409373 0.189191 1179.016488 0.000000 0.000000
6729956 0.188310 782.656433 0.000000 0.000000
5793428 0.187744 701.159469 0.000000 0.000000
13270310 0.187342 186.107094 0.000000 0.000000
11859879 0.186306 557.772761 0.000000 0.000000
13971679 0.184900 738.098597 0.000000 0.000000
14251799 0.184047 344.488979 0.000000 0.000000
13857985 0.181004 880.172919 0.000000 0.000000
3947599 0.180566 196.302290 0.036819 27.160142
1666438 0.180502 555.312815 0.000000 0.000000
8004799 0.179833 733.468368 0.000000 0.000000
15371843 0.179202 389.360211 0.000000 0.000000
8275499 0.177411 515.696355 0.000000 0.000000
7597712 0.176457 694.097929 0.000000 0.000000
10010752 0.176354 133.773427 0.000000 0.000000
1578745 0.175652 449.320575 0.000000 0.000000
9471446 0.175576 570.085487 0.000000 0.000000
15651604 0.174573 343.199598 0.000000 0.000000
14007967 0.173345 401.573930 0.000000 0.000000
8066773 0.172251 536.559836 0.000000 0.000000
2849063 0.169940 673.454909 0.187030 11.149659
1880267 0.168879 557.997905 0.000000 0.000000
6579816 0.167343 125.227050 0.000000 0.000000
2784415 0.167032 205.347302 0.000000 0.000000
5996226 0.166959 431.444944 0.000000 0.000000
5771265 0.165713 602.853287 0.000000 0.000000
13931652 0.164014 961.611904 0.000000 0.000000
14182172 0.163465 644.953320 0.000000 0.000000
11712295 0.163329 197.958624 1.738217 4.146264
3863999 0.162748 276.906563 0.000000 0.000000
12570277 0.161360 575.043181 0.000000 0.000000
3767640 0.159151 101.550256 0.000000 0.000000
10192938 0.159115 230.943306 0.000000 0.000000
12879566 0.158571 433.649833 0.000000 0.000000
3432293 0.157951 233.604787 2.000000 1.000000
3486413 0.157859 899.607579 0.000000 0.000000
3533249 0.157037 681.682478 0.000000 0.000000
8418321 0.153297 222.815288 0.000000 0.000000
3883460 0.153291 465.443988 0.000000 0.000000
2325018 0.152608 682.081131 1.363961 2.414214
14748900 0.152221 701.433773 0.000000 0.000000
8870850 0.151467 465.722842 0.000000 0.000000
16223836 0.151136 412.549551 0.000000 0.000000
1201624 0.151076 453.927949 0.000000 0.000000
15879670 0.150876 225.765880 0.000000 0.000000
15533573 0.150180 476.751319 0.000000 0.000000
12486462 0.149468 187.637645 0.000000 0.000000
8197798 0.147371 162.157479 0.392837 4.242641
4713985 0.147088 164.558774 0.000000 0.000000
12087226 0.147004 54.790959 0.000000 0.000000
5263789 0.145229 504.070903 0.000000 0.000000
10319568 0.141424 231.241923 0.000000 0.000000
6590425 0.140140 193.895080 0.000000 0.000000
695541 0.139381 433.358767 0.000000 0.000000
9506413 0.137344 165.012677 0.000000 0.000000
7267095 0.136766 203.081046 0.000000 0.000000
4211382 0.135246 209.201785 0.000000 0.000000
10552750 0.133481 156.490657 0.000000 0.000000
8124744 0.132096 217.394538 0.000000 0.000000
2432781 0.130621 499.453458 0.000000 0.000000
1343887 0.130138 492.287213 0.000000 0.000000
10426806 0.129832 643.085256 0.000000 0.000000
14693475 0.124336 969.968188 0.000000 0.000000
12093688 0.123897 440.084520 0.000000 0.000000
9131545 0.123894 114.077613 0.100374 13.535169
7144614 0.121977 665.814256 0.000000 0.000000
6461251 0.117972 594.317401 0.000000 0.000000
11727008 0.117409 61.018993 0.000000 0.000000
15732570 0.116703 702.169966 0.068783 14.538569
999548 0.115261 195.657821 0.000000 0.000000
7435135 0.114118 61.340225 0.000000 0.000000
11797856 0.113363 576.360986 0.000000 0.000000
9881952 0.110872 463.588789 0.000000 0.000000
1226099 0.109118 705.939031 0.050833 33.412756
3162757 0.108888 329.835028 0.000000 0.000000
16002867 0.108093 301.611393 0.023368 57.286427
13550159 0.106470 644.678614 0.022799 57.265762
4943915 0.106270 514.239076 0.123147 9.414214
1136421 0.104886 89.800193 0.000000 0.000000
4064968 0.101089 297.231985 0.000000 0.000000
6113844 0.098309 177.864453 0.000000 0.000000
14634774 0.095967 337.795813 0.000000 0.000000
12654592 0.091705 87.212175 0.000000 0.000000
12663226 0.090656 699.539680 0.000000 0.000000
6197121 0.090521 123.916301 0.000000 0.000000
275658 0.088978 119.841104 0.000000 0.000000
15130606 0.085755 634.079172 0.000000 0.000000
4710112 0.085639 141.302033 0.000000 0.000000
9188080 0.076787 899.768432 0.000000 0.000000
13244029 0.072888 502.743790 0.000000 0.000000
8910464 0.072112 616.669580 0.000000 0.000000
15845094 0.068036 341.623303 0.000000 0.000000
4418267 0.067260 506.017091 0.000000 0.000000
908298 0.063391 492.831351 0.000000 0.000000
12101044 0.058121 477.859845 0.000000 0.000000
7477486 0.058077 252.316891 0.000000 0.000000
6779269 0.057566 370.792148 0.000000 0.000000
10590332 0.036570 101.875399 0.000000 0.000000
