6579816
3767640
16236581
13500787
13843133
11970639
16093996
15726412
1136421
12351687
10552750
15027602
7435135
6859309
6353215
11712295
6197121
5485196
7028806
6287054
9368866
11836459
13270310
4553469
9506413
13659823
13690696
8418321
4847601
5893097
14033160
5860088
4543536
3567908
1485565
3432293
2237327
5684006
15380143
5110803
8124744
8719786
7425399
3863999
710098
11469700
15790096
16002867
1434163
15371843
8578105
9186622
14135111
1343887
2671428
2665147
14919332
49390
14634774
15533573
4943915
16275607
12093688
13678005
908298
9471446
16660328
6821260
2432781
10680878
9881952
201711
5613478
13890781
2757014
12096967
5572127
12101044
16746192
14789964
5263789
11797856
7533818
8275499
10309033
1201624
5302225
8870850
7194007
4418267
8180166
14171888
11458698
3472997
8066773
9682973
13087665
3420295
15596983
2325018
8561835
894083
5793428
3533249
15732570
3790653
9566496
11859879
13971679
6400085
14748900
5637823
5370712
12707885
11892141
16068398
3166283
10535754
12782310
293120
3088751
7597712
6956023
7312815
1493866
4312550
13931652
9622020
8004799
918525
12570277
945388
9076281
1666438
7144614
5771265
13857985
9387188
5416954
10892531
3486413
6238827
14693475
577840
3550364
15221648
6729956
10226992
15909228
3976194
15651604
12663226
11987098
6659767
12594540
10547806
12924041
5102842
16589310
12105621
12200860
15321949
5409373
10444044
1499496
974099
5681522
9188080
737908
10203601
11660241
2927761
13759519
12654592
10590332
9131545
11727008
8197798
14973702
2784415
10010752
4710112
3947599
6590425
12087226
12486462
3162757
4955959
2430911
3310987
14251799
16223836
9506793
13955316
11215897
695541
12879566
3214132
13244029
4959262
14360375
6461251
6185509
13550159
2849063
14182172
7422373
5180226
5996226
15845094
10192938
10926410
1880267
275658
13544271
11675632
2181236
1091478
10426806
15879670
1578745
9785594
6113844
4713985
4211382
999548
10319568
7477486
7267095
4064968
8319841
6779269
14007967
3883460
15130606
8910464
1226099
